phase 1 reduced: 
MM_A_1 
ReducedInt [302233859780234886268026268272532 , 304569899214026151573118142344976225978484279945496002567253346469453213891448727801]
 - from modulis:[649037107316853453566312041152511 , 3885337784451458141838923813647037813284813678104279042503624819477808570410416996351]

MM_B_1 
ReducedInt [302233859780234886268026268272532 , 304569899214026151573118142344976225978484279945496002567253346469453213891448727801]
 - from modulis:[649037107316853453566312041152511 , 3885337784451458141838923813647037813284813678104279042503624819477808570410416996351]

##### phase 2 #####
phase 2 reduced: 
[
ReducedInt [17092 , 5289 , 9019 , 7222 , 11834 , 3741 , 19482 , 23521 , 21631 , 9018 , 9832 , 13636 , 25459 , 7864 , 18305 , 8967 , 15503 , 11521 , 12372 , 18080 , 487 , 14879 , 19465 , 22054 , 21503 , 7915 , 2943 , 25326 , 14023 , 9125 , 14051 , 12939 , 2920 , 7813 , 680 , 10862 , 16164 , 16052 , 17125 , 21331 , 27396 , 3274 , 25628 , 6975 , 18138 , 14023 , 12729 , 10767 , 461 , 400 , 15181 , 8228 , 8732 , 10065 , 16867 , 338 , 2945 , 13134 , 18233 , 11772 , 4286 , 12739 , 153 , 3461 , 8610 , 10918 , 2177 , 8244 , 10032 , 5557 , 1063 , 12939 , 7912 , 2567 , 14010 , 26572 , 18044 , 974 , 13651 , 5942 , 18718 , 14010 , 16053 , 10612 , 26000 , 11368 , 9337 , 5160 , 2665 , 9471 , 14534 , 2879 , 16274 , 4520 , 1458 , 22441 , 1537 , 4770 , 18282 , 16974]
 - from modulis:[22721 , 29587 , 29009 , 22469 , 24203 , 32497 , 24329 , 27631 , 22433 , 24623 , 25409 , 30119 , 27701 , 23357 , 20407 , 30661 , 26633 , 29101 , 24547 , 26921 , 16493 , 27743 , 22511 , 24659 , 23251 , 24371 , 27277 , 25523 , 22481 , 26539 , 23741 , 27673 , 21149 , 23371 , 19597 , 18787 , 28687 , 18461 , 18947 , 21911 , 27397 , 16547 , 27239 , 24223 , 30161 , 22481 , 29789 , 27091 , 24317 , 17467 , 31741 , 19207 , 23497 , 28901 , 24077 , 22247 , 31541 , 23857 , 22157 , 23893 , 20743 , 22751 , 28513 , 19069 , 31051 , 18149 , 16987 , 23801 , 31319 , 20161 , 30593 , 27673 , 17077 , 19121 , 24179 , 31567 , 23603 , 28201 , 22409 , 26861 , 23887 , 24179 , 17167 , 23873 , 26393 , 28591 , 18353 , 32491 , 24763 , 23197 , 20323 , 20717 , 24359 , 24247 , 23789 , 28069 , 22973 , 26801 , 22637 , 26903]
,
ReducedInt [2335 , 11942 , 15333 , 7809 , 22392 , 22206 , 1325 , 9135 , 4214 , 20901 , 18628 , 3027 , 19395 , 12775 , 14953 , 2879 , 6615 , 16971 , 4856 , 25862 , 4377 , 14317 , 6978 , 10579 , 3733 , 3146 , 12971 , 9458 , 12100 , 22413 , 242 , 6490 , 17748 , 21093 , 4258 , 4765 , 4631 , 4552 , 15026 , 8614 , 20408 , 8579 , 300 , 15292 , 18558 , 12100 , 4043 , 9622 , 8604 , 3082 , 24771 , 9455 , 3576 , 3663 , 6670 , 856 , 5350 , 21470 , 20273 , 20889 , 14538 , 18515 , 5063 , 3083 , 6926 , 11030 , 16459 , 17834 , 19517 , 2788 , 19831 , 6490 , 12057 , 6556 , 2190 , 10266 , 562 , 1489 , 5968 , 13606 , 8485 , 2190 , 8084 , 2956 , 6802 , 26949 , 695 , 11117 , 4446 , 5083 , 13079 , 7099 , 19165 , 15540 , 7579 , 2001 , 20967 , 16357 , 11052 , 4726]
 - from modulis:[22721 , 29587 , 29009 , 22469 , 24203 , 32497 , 24329 , 27631 , 22433 , 24623 , 25409 , 30119 , 27701 , 23357 , 20407 , 30661 , 26633 , 29101 , 24547 , 26921 , 16493 , 27743 , 22511 , 24659 , 23251 , 24371 , 27277 , 25523 , 22481 , 26539 , 23741 , 27673 , 21149 , 23371 , 19597 , 18787 , 28687 , 18461 , 18947 , 21911 , 27397 , 16547 , 27239 , 24223 , 30161 , 22481 , 29789 , 27091 , 24317 , 17467 , 31741 , 19207 , 23497 , 28901 , 24077 , 22247 , 31541 , 23857 , 22157 , 23893 , 20743 , 22751 , 28513 , 19069 , 31051 , 18149 , 16987 , 23801 , 31319 , 20161 , 30593 , 27673 , 17077 , 19121 , 24179 , 31567 , 23603 , 28201 , 22409 , 26861 , 23887 , 24179 , 17167 , 23873 , 26393 , 28591 , 18353 , 32491 , 24763 , 23197 , 20323 , 20717 , 24359 , 24247 , 23789 , 28069 , 22973 , 26801 , 22637 , 26903]
,
